<MissionEditor.Mission Version="0.60">
  <MissionProperties AlternativeSetup2Description="" AlternativeSetup2Name="" AlternativeSetup1Description="" AlternativeSetup1Name="" AlternativeSetup0Description="" AlternativeSetup0Name="" DLCBitMask="0" InitialWeather="0" Time="01/01/2000 12:00:00" MultiplayerDescription="" MultiplayerAttackingArmy="0" MultiplayerModes="0" MultiplayerMaxServerBandwidth="2048" MultiplayerMaxPlayers="16" EnemyIntel="#ofp_missint_defaulte" FriendlyIntel="#ofp_missint_defaultf" Debriefing="#ofp_missdeb_default" DetailedBriefing="#ofp_missbrief_default" MultiplayerArenaSubdivisions="5, 5" MultiplayerArenaWarningSize="200" MultiplayerArenaSize="1500, 1500" MultiplayerArenaCenter="16000, -8000" MapImageSize="4000" MapImageCenter="16000, -8000" MissionImagePath="" Description="#ofp_missdesc_default" Group="Mission Editor" Name="#ofp_missname_default" />
  <MarkerManager>
    <MarkerAspectManagers></MarkerAspectManagers>
    <Markers>
      <Marker SerializationID="1" Name="Startup" TemplateID="64079280547853478" TemplateName="EntitySet" X="0" Y="0">
        <EntityProperties ParentEntitySetID="0" Description="" />
        <EntitySetProperties Active="True" Exportable="True" />
      </Marker>
      <Marker SerializationID="2" Name="para" TemplateID="64079280547853478" TemplateName="EntitySet" X="13010.79" Y="-695.7246">
        <EntityProperties ParentEntitySetID="0" Description="" />
        <EntitySetProperties Active="False" Exportable="False" />
      </Marker>
      <Marker SerializationID="3" Name="bumperhidset" TemplateID="64079280547853478" TemplateName="EntitySet" X="0" Y="0">
        <EntityProperties ParentEntitySetID="2" Description="" />
        <EntitySetProperties Active="False" Exportable="True" />
      </Marker>
      <Marker SerializationID="4" Name="bumperset" TemplateID="64079280547853478" TemplateName="EntitySet" X="0" Y="0">
        <EntityProperties ParentEntitySetID="2" Description="" />
        <EntitySetProperties Active="False" Exportable="True" />
      </Marker>
      <Marker SerializationID="5" Name="chuteset" TemplateID="64079280547853478" TemplateName="EntitySet" X="25.47412" Y="-905.5635">
        <EntityProperties ParentEntitySetID="2" Description="" />
        <EntitySetProperties Active="False" Exportable="True" />
      </Marker>
      <Marker SerializationID="6" Name="dep1" TemplateID="64079280547853478" TemplateName="EntitySet" X="13010.79" Y="-695.7246">
        <EntityProperties ParentEntitySetID="2" Description="" />
        <EntitySetProperties Active="False" Exportable="True" />
      </Marker>
      <Marker SerializationID="7" Name="dep2" TemplateID="64079280547853478" TemplateName="EntitySet" X="13010.79" Y="-695.7246">
        <EntityProperties ParentEntitySetID="2" Description="" />
        <EntitySetProperties Active="False" Exportable="True" />
      </Marker>
      <Marker SerializationID="8" Name="dep3" TemplateID="64079280547853478" TemplateName="EntitySet" X="13010.79" Y="-695.7246">
        <EntityProperties ParentEntitySetID="2" Description="" />
        <EntitySetProperties Active="False" Exportable="True" />
      </Marker>
      <Marker SerializationID="9" Name="dep4" TemplateID="64079280547853478" TemplateName="EntitySet" X="13010.79" Y="-695.7246">
        <EntityProperties ParentEntitySetID="2" Description="" />
        <EntitySetProperties Active="False" Exportable="True" />
      </Marker>
      <Marker SerializationID="10" Name="dep5" TemplateID="64079280547853478" TemplateName="EntitySet" X="13010.79" Y="-695.7246">
        <EntityProperties ParentEntitySetID="2" Description="" />
        <EntitySetProperties Active="False" Exportable="True" />
      </Marker>
      <Marker SerializationID="11" Name="dep6" TemplateID="64079280547853478" TemplateName="EntitySet" X="13010.79" Y="-695.7246">
        <EntityProperties ParentEntitySetID="2" Description="" />
        <EntitySetProperties Active="False" Exportable="True" />
      </Marker>
      <Marker SerializationID="12" Name="dep7" TemplateID="64079280547853478" TemplateName="EntitySet" X="13010.79" Y="-695.7246">
        <EntityProperties ParentEntitySetID="2" Description="" />
        <EntitySetProperties Active="False" Exportable="True" />
      </Marker>
      <Marker SerializationID="13" Name="dep8" TemplateID="64079280547853478" TemplateName="EntitySet" X="12985.31" Y="209.8389">
        <EntityProperties ParentEntitySetID="2" Description="" />
        <EntitySetProperties Active="False" Exportable="True" />
      </Marker>
      <Marker SerializationID="14" Name="xflxdflufxlflsf" TemplateID="65804955662969066" TemplateName="ba12ssbbcsa" X="2393.707" Y="-580.2816">
        <EntityProperties ParentEntitySetID="6" Description="" />
        <TransformProperties GameMatrix="-0.0651838, 0.9961598, 0.05845359, 0, -0.01104647, -0.05929494, 0.9981804, 0, 0.9978127, 0.06441941, 0.01486944, 0, 2393.707, -39, -580.2816, 1" AltitudeMode="SeaLevel" />
      </Marker>
      <Marker SerializationID="15" Name="xflxdflufxlfls" TemplateID="65804957860784362" TemplateName="ba12ssbbcea" X="2393.237" Y="-580.2118">
        <EntityProperties ParentEntitySetID="6" Description="" />
        <TransformProperties GameMatrix="-0.003215651, 0.99999, -0.003116033, 0, -0.05577609, -0.003290534, -0.9984369, 0, -0.9984391, -0.003036829, 0.05578513, 0, 2393.237, -39, -580.2118, 1" AltitudeMode="SeaLevel" />
      </Marker>
      <Marker SerializationID="16" Name="xflxdflufxlfl" TemplateID="65804957860784362" TemplateName="ba12ssbbcea" X="2393.717" Y="-590.4218">
        <EntityProperties ParentEntitySetID="7" Description="" />
        <TransformProperties GameMatrix="0.004461361, 0.99999, -0.0003825795, 0, 0.7901244, -0.003290534, 0.6129404, 0, 0.6129329, -0.003036829, -0.7901295, 0, 2393.717, -39, -590.4218, 1" AltitudeMode="SeaLevel" />
      </Marker>
      <Marker SerializationID="17" Name="xflxdflufxlflI1" TemplateID="65804955662969066" TemplateName="ba12ssbbcsa" X="2393.457" Y="-590.0199">
        <EntityProperties ParentEntitySetID="7" Description="" />
        <TransformProperties GameMatrix="-0.001350971, 0.9961598, -0.08754399, 0, -0.7460889, -0.05929494, -0.6632027, 0, -0.6658472, 0.06441941, 0.7433043, 0, 2393.457, -39, -590.0199, 1" AltitudeMode="SeaLevel" />
      </Marker>
      <Marker SerializationID="18" Name="xflxdflufxlflI2" TemplateID="65804955662969066" TemplateName="ba12ssbbcsa" X="2394.427" Y="-601.4169">
        <EntityProperties ParentEntitySetID="8" Description="" />
        <TransformProperties GameMatrix="0.08720545, 0.9961598, 0.00780728, 0, 0.7375576, -0.05929494, -0.6726789, 0, -0.6696333, 0.06441941, -0.7398966, 0, 2394.427, -39, -601.4169, 1" AltitudeMode="SeaLevel" />
      </Marker>
      <Marker SerializationID="19" Name="xflxdflufxlflI3" TemplateID="65804957860784362" TemplateName="ba12ssbbcea" X="2394.807" Y="-601.118">
        <EntityProperties ParentEntitySetID="8" Description="" />
        <TransformProperties GameMatrix="-8.585077E-05, 0.99999, 0.004476915, 0, -0.6921738, -0.003290534, 0.7217252, 0, 0.7217328, -0.003036829, 0.6921674, 0, 2394.807, -39, -601.118, 1" AltitudeMode="SeaLevel" />
      </Marker>
      <Marker SerializationID="20" Name="xflxdflufxlflI4" TemplateID="65804957860784362" TemplateName="ba12ssbbcea" X="2404.157" Y="-580.9276">
        <EntityProperties ParentEntitySetID="9" Description="" />
        <TransformProperties GameMatrix="-0.003215651, 0.99999, -0.003116033, 0, -0.05577609, -0.003290534, -0.9984369, 0, -0.9984391, -0.003036829, 0.05578513, 0, 2404.157, -39, -580.9276, 1" AltitudeMode="SeaLevel" />
      </Marker>
      <Marker SerializationID="21" Name="xflxdflufxlflI5" TemplateID="65804955662969066" TemplateName="ba12ssbbcsa" X="2404.626" Y="-580.9989">
        <EntityProperties ParentEntitySetID="9" Description="" />
        <TransformProperties GameMatrix="-0.0651838, 0.9961598, 0.05845359, 0, -0.01104647, -0.05929494, 0.9981804, 0, 0.9978127, 0.06441941, 0.01486944, 0, 2404.626, -39, -580.9989, 1" AltitudeMode="SeaLevel" />
      </Marker>
      <Marker SerializationID="22" Name="xflxdflufxlflI6" TemplateID="64977821390891242" TemplateName="ba11mlsbbcvr" X="2405.637" Y="-580.8739">
        <EntityProperties ParentEntitySetID="9" Description="" />
        <TransformProperties GameMatrix="-0.9234986, 0.3836016, -5.960464E-08, 0, -0.009250596, -0.02227044, -0.9997092, 0, -0.3834901, -0.9232301, 0.02411526, 0, 2405.637, -39, -580.8739, 1" AltitudeMode="SeaLevel" />
      </Marker>
      <Marker SerializationID="23" Name="xflxdflufxlflI7" TemplateID="64977821105678570" TemplateName="ba11mlsbbcvl" X="2402.917" Y="-590.9457">
        <EntityProperties ParentEntitySetID="10" Description="" />
        <TransformProperties GameMatrix="0.1567279, 0.9875939, -0.009740293, 0, -0.07050943, 0.001351357, -0.9975104, 0, -0.9851218, 0.1570246, 0.06984633, 0, 2402.917, -39, -590.9457, 1" AltitudeMode="SeaLevel" />
      </Marker>
      <Marker SerializationID="24" Name="xflxdflufxlflI8" TemplateID="65804957860784362" TemplateName="ba12ssbbcea" X="2404.336" Y="-591.7816">
        <EntityProperties ParentEntitySetID="10" Description="" />
        <TransformProperties GameMatrix="0.004461361, 0.99999, -0.0003825795, 0, 0.7901244, -0.003290534, 0.6129404, 0, 0.6129329, -0.003036829, -0.7901295, 0, 2404.336, -39, -591.7816, 1" AltitudeMode="SeaLevel" />
      </Marker>
      <Marker SerializationID="25" Name="xflxdflufxlflI9" TemplateID="65804955662969066" TemplateName="ba12ssbbcsa" X="2404.077" Y="-591.3788">
        <EntityProperties ParentEntitySetID="10" Description="" />
        <TransformProperties GameMatrix="-0.001350977, 0.9961598, -0.08754397, 0, -0.7460887, -0.05929494, -0.6632026, 0, -0.6658477, 0.06441941, 0.7433041, 0, 2404.077, -39, -591.3788, 1" AltitudeMode="SeaLevel" />
      </Marker>
      <Marker SerializationID="26" Name="xflxdflufxlf" TemplateID="64977821390891242" TemplateName="ba11mlsbbcvr" X="2405.827" Y="-591.0629">
        <EntityProperties ParentEntitySetID="10" Description="" />
        <TransformProperties GameMatrix="-0.3189929, 0.9477572, -5.960464E-08, 0, -0.02285519, -0.007692695, -0.9997094, 0, -0.9474817, -0.3189, 0.02411485, 0, 2405.827, -39, -591.0629, 1" AltitudeMode="SeaLevel" />
      </Marker>
      <Marker SerializationID="27" Name="xflxdflufxlfI1" TemplateID="64977821105678570" TemplateName="ba11mlsbbcvl" X="2403.187" Y="-590.8046">
        <EntityProperties ParentEntitySetID="10" Description="" />
        <TransformProperties GameMatrix="0.9704557, 0.1640511, 0.1769263, 0, -0.05787007, 0.8701394, -0.489396, 0, -0.2342365, 0.4646984, 0.8539254, 0, 2403.187, -39, -590.8046, 1" AltitudeMode="SeaLevel" />
      </Marker>
      <Marker SerializationID="28" Name="xflxdflufxlfI2" TemplateID="64977821390891242" TemplateName="ba11mlsbbcvr" X="2403.167" Y="-591.8427">
        <EntityProperties ParentEntitySetID="10" Description="" />
        <TransformProperties GameMatrix="0.9219977, 0.1813022, -0.3421255, 0, 0.01587667, 0.8651534, 0.501256, 0, 0.3868698, -0.4675887, 0.7947909, 0, 2403.167, -39, -591.8427, 1" AltitudeMode="SeaLevel" />
      </Marker>
      <Marker SerializationID="29" Name="xflxdflufxlfI3" TemplateID="65804955662969066" TemplateName="ba12ssbbcsa" X="2403.626" Y="-591.4906">
        <EntityProperties ParentEntitySetID="10" Description="" />
        <TransformProperties GameMatrix="0.08720545, 0.9961598, 0.00780728, 0, 0.7375576, -0.05929494, -0.6726789, 0, -0.6696333, 0.06441941, -0.7398966, 0, 2403.626, -39, -591.4906, 1" AltitudeMode="SeaLevel" />
      </Marker>
      <Marker SerializationID="30" Name="xflxdflufxlfI4" TemplateID="65804957860784362" TemplateName="ba12ssbbcea" X="2403.997" Y="-591.1918">
        <EntityProperties ParentEntitySetID="10" Description="" />
        <TransformProperties GameMatrix="-8.585077E-05, 0.99999, 0.004476915, 0, -0.6921738, -0.003290534, 0.7217252, 0, 0.7217328, -0.003036829, 0.6921674, 0, 2403.997, -39, -591.1918, 1" AltitudeMode="SeaLevel" />
      </Marker>
      <Marker SerializationID="31" Name="xflxdflufxlfI5" TemplateID="65804957860784362" TemplateName="ba12ssbbcea" X="2404.737" Y="-591.5468">
        <EntityProperties ParentEntitySetID="10" Description="" />
        <TransformProperties GameMatrix="0.002497524, 0.99999, 0.003716518, 0, -0.1530301, -0.003290534, 0.9882182, 0, 0.9882193, -0.003036829, 0.1530205, 0, 2404.737, -39, -591.5468, 1" AltitudeMode="SeaLevel" />
      </Marker>
      <Marker SerializationID="32" Name="xflxdflufxlfI6" TemplateID="65804955662969066" TemplateName="ba12ssbbcsa" X="2405.177" Y="-591.6757">
        <EntityProperties ParentEntitySetID="10" Description="" />
        <TransformProperties GameMatrix="-0.4579868, 0.887888, -0.04362416, 0, 0.2169855, 0.06406605, -0.9740702, 0, -0.8620704, -0.4555771, -0.2220002, 0, 2405.177, -39, -591.6757, 1" AltitudeMode="SeaLevel" />
      </Marker>
      <Marker SerializationID="33" Name="xflxdflufxlfI7" TemplateID="65804957860784362" TemplateName="ba12ssbbcea" X="2403.027" Y="-599.7919">
        <EntityProperties ParentEntitySetID="11" Description="" />
        <TransformProperties GameMatrix="0.7994674, 0.6006929, 0.004476771, 0, -0.4183705, 0.5514342, 0.7217247, 0, 0.4310662, -0.5788684, 0.6921657, 0, 2403.027, -39, -599.7919, 1" AltitudeMode="SeaLevel" />
      </Marker>
      <Marker SerializationID="34" Name="xflxdflufxlfI8" TemplateID="65804955662969066" TemplateName="ba12ssbbcsa" X="2407.457" Y="-600.5096">
        <EntityProperties ParentEntitySetID="11" Description="" />
        <TransformProperties GameMatrix="-0.8573147, 0.514734, 0.007806882, 0, 0.3763694, 0.6370637, -0.6726782, 0, -0.3512238, -0.5737585, -0.7398943, 0, 2407.457, -39, -600.5096, 1" AltitudeMode="SeaLevel" />
      </Marker>
      <Marker SerializationID="35" Name="xflxdflufxlfI9" TemplateID="64977821390891242" TemplateName="ba11mlsbbcvr" X="2403.807" Y="-601.1776">
        <EntityProperties ParentEntitySetID="11" Description="" />
        <TransformProperties GameMatrix="0.9219977, 0.1813022, -0.3421255, 0, 0.01587667, 0.8651534, 0.501256, 0, 0.3868698, -0.4675887, 0.7947909, 0, 2403.807, -39, -601.1776, 1" AltitudeMode="SeaLevel" />
      </Marker>
      <Marker SerializationID="36" Name="xflxdflufxlfI10" TemplateID="64977821105678570" TemplateName="ba11mlsbbcvl" X="2403.876" Y="-599.4237">
        <EntityProperties ParentEntitySetID="11" Description="" />
        <TransformProperties GameMatrix="0.9704557, 0.1640511, 0.1769263, 0, -0.05787007, 0.8701394, -0.489396, 0, -0.2342365, 0.4646984, 0.8539254, 0, 2403.876, -39, -599.4237, 1" AltitudeMode="SeaLevel" />
      </Marker>
      <Marker SerializationID="37" Name="xflxdflufxlfI11" TemplateID="64977821105678570" TemplateName="ba11mlsbbcvl" X="2402.927" Y="-599.8866">
        <EntityProperties ParentEntitySetID="11" Description="" />
        <TransformProperties GameMatrix="0.6851964, 0.7282932, -0.009740233, 0, -0.05753157, 0.04078645, -0.9975101, 0, -0.7260826, 0.6840507, 0.06984657, 0, 2402.927, -39, -599.8866, 1" AltitudeMode="SeaLevel" />
      </Marker>
      <Marker SerializationID="38" Name="xflxdflufxlfI12" TemplateID="64977821390891242" TemplateName="ba11mlsbbcvr" X="2407.167" Y="-599.9828">
        <EntityProperties ParentEntitySetID="11" Description="" />
        <TransformProperties GameMatrix="-0.6100383, 0.792372, -1.192093E-07, 0, -0.01910803, -0.01471126, -0.9997092, 0, -0.7921416, -0.6098608, 0.02411503, 0, 2407.167, -39, -599.9828, 1" AltitudeMode="SeaLevel" />
      </Marker>
      <Marker SerializationID="39" Name="xflxdflufxlfI13" TemplateID="65804957860784362" TemplateName="ba12ssbbcea" X="2415.997" Y="-581.952">
        <EntityProperties ParentEntitySetID="12" Description="" />
        <TransformProperties GameMatrix="0.9216414, 0.3582428, -0.1491282, 0, -0.1787976, 0.050969, -0.9825649, 0, -0.3443957, 0.9322362, 0.1110282, 0, 2415.997, -39, -581.952, 1" AltitudeMode="SeaLevel" />
      </Marker>
      <Marker SerializationID="40" Name="xflxdflufxlfI14" TemplateID="65804955662969066" TemplateName="ba12ssbbcsa" X="2420.017" Y="-580.4867">
        <EntityProperties ParentEntitySetID="12" Description="" />
        <TransformProperties GameMatrix="-0.9840496, 0.1680159, 0.05845366, 0, 0.05510676, -0.02451813, 0.9981794, 0, 0.1691432, 0.9854793, 0.01486832, 0, 2420.017, -39, -580.4867, 1" AltitudeMode="SeaLevel" />
      </Marker>
      <Marker SerializationID="41" Name="xflxdflufxlfI15" TemplateID="64977821390891242" TemplateName="ba11mlsbbcvr" X="2415.317" Y="-581.329">
        <EntityProperties ParentEntitySetID="12" Description="" />
        <TransformProperties GameMatrix="0.8275015, 0.5573766, -0.06762171, 0, -0.01761729, 0.1461549, 0.9891049, 0, 0.5611871, -0.8172944, 0.1307629, 0, 2415.317, -39, -581.329, 1" AltitudeMode="SeaLevel" />
      </Marker>
      <Marker SerializationID="42" Name="xflxdflufxlfI16" TemplateID="64977821105678570" TemplateName="ba11mlsbbcvl" X="2419.517" Y="-581.4789">
        <EntityProperties ParentEntitySetID="12" Description="" />
        <TransformProperties GameMatrix="-0.7712018, 0.6236634, 0.1276399, 0, 0.05970603, -0.1287593, 0.989877, 0, 0.6337849, 0.7710156, 0.06206274, 0, 2419.517, -39, -581.4789, 1" AltitudeMode="SeaLevel" />
      </Marker>
      <Marker SerializationID="43" Name="xflxdflufxlfI17" TemplateID="64977821105678570" TemplateName="ba11mlsbbcvl" X="2415.277" Y="-581.2948">
        <EntityProperties ParentEntitySetID="12" Description="" />
        <TransformProperties GameMatrix="0.8129552, 0.5822448, -0.009740174, 0, -0.04857102, 0.05112988, -0.9975102, 0, -0.5802971, 0.8114042, 0.06984651, 0, 2415.277, -39, -581.2948, 1" AltitudeMode="SeaLevel" />
      </Marker>
      <Marker SerializationID="44" Name="xflxdflufxlfI18" TemplateID="64977821390891242" TemplateName="ba11mlsbbcvr" X="2419.507" Y="-581.327">
        <EntityProperties ParentEntitySetID="12" Description="" />
        <TransformProperties GameMatrix="-0.7819785, 0.6233058, -2.980232E-08, 0, -0.01503101, -0.0188576, -0.9997094, 0, -0.6231246, -0.7817509, 0.02411485, 0, 2419.507, -39, -581.327, 1" AltitudeMode="SeaLevel" />
      </Marker>
      <Marker SerializationID="45" Name="xflxdflufxlfI19" TemplateID="64977966866131178" TemplateName="ba10lsbbacvr" X="2416.757" Y="-592.3168">
        <EntityProperties ParentEntitySetID="13" Description="" />
        <TransformProperties GameMatrix="0.4969583, 0.03763466, 0.8669595, 0, -0.8677745, 0.01966953, 0.4965727, 0, 0.001635387, -0.9990981, 0.04243355, 0, 2416.757, -38, -592.3168, 1" AltitudeMode="SeaLevel" />
      </Marker>
      <Marker SerializationID="46" Name="xflxdflufxlfI20" TemplateID="64977966597695722" TemplateName="ba10lsbbacvl" X="2416.027" Y="-591.9237">
        <EntityProperties ParentEntitySetID="13" Description="" />
        <TransformProperties GameMatrix="0.5000017, -8.739315E-08, 0.866028, 0, 0.865732, 0.02603459, -0.4998306, 0, -0.02254681, 0.9996611, 0.01301752, 0, 2416.027, -38, -591.9237, 1" AltitudeMode="SeaLevel" />
      </Marker>
      <Marker SerializationID="47" Name="xflxdflufxlfI21" TemplateID="64977966597695722" TemplateName="ba10lsbbacvl" X="2416.857" Y="-591.431">
        <EntityProperties ParentEntitySetID="13" Description="" />
        <TransformProperties GameMatrix="0.4848118, -8.739315E-08, -0.8746216, 0, -0.8743224, 0.02603459, -0.484645, 0, 0.02277063, 0.9996611, 0.01262185, 0, 2416.857, -38, -591.431, 1" AltitudeMode="SeaLevel" />
      </Marker>
      <Marker SerializationID="48" Name="xflxdflufxlfI22" TemplateID="64977966597695722" TemplateName="ba10lsbbacvl" X="2416.876" Y="-592.4076">
        <EntityProperties ParentEntitySetID="13" Description="" />
        <TransformProperties GameMatrix="-1, -8.739315E-08, 2.276021E-09, 0, -7.105427E-15, 0.02603459, 0.9996611, 0, -8.742279E-08, 0.9996611, -0.02603483, 0, 2416.876, -38, -592.4076, 1" AltitudeMode="SeaLevel" />
      </Marker>
      <Marker SerializationID="49" Name="xflxdflufxlfI23" TemplateID="64977966866131178" TemplateName="ba10lsbbacvr" X="2416.857" Y="-591.5839">
        <EntityProperties ParentEntitySetID="13" Description="" />
        <TransformProperties GameMatrix="-0.9992871, 0.03763466, -0.003101235, 0, 0.003843615, 0.01966953, -0.9997993, 0, -0.0375661, -0.9990981, -0.01980042, 0, 2416.857, -38, -591.5839, 1" AltitudeMode="SeaLevel" />
      </Marker>
      <Marker SerializationID="50" Name="xflxdflufxlfI24" TemplateID="64977966866131178" TemplateName="ba10lsbbacvr" X="2416.147" Y="-591.85">
        <EntityProperties ParentEntitySetID="13" Description="" />
        <TransformProperties GameMatrix="0.4871768, 0.03763466, -0.8724924, 0, 0.872584, 0.01966953, 0.488075, 0, 0.03553034, -0.9990981, -0.0232567, 0, 2416.147, -38, -591.85, 1" AltitudeMode="SeaLevel" />
      </Marker>
      <Marker SerializationID="51" Name="xflxdflufxlfI25" TemplateID="64977966597695722" TemplateName="ba10lsbbacvl" X="2404.923" Y="-625.4172">
        <EntityProperties ParentEntitySetID="5" Description="" />
        <TransformProperties GameMatrix="-1, -8.739315E-08, 2.276021E-09, 0, -7.105427E-15, 0.02603459, 0.9996611, 0, -8.742279E-08, 0.9996611, -0.02603483, 0, 2404.923, -38, -625.4172, 1" AltitudeMode="SeaLevel" />
      </Marker>
      <Marker SerializationID="52" Name="xflxdflufxlfI26" TemplateID="64977966597695722" TemplateName="ba10lsbbacvl" X="2406.561" Y="-626.3453">
        <EntityProperties ParentEntitySetID="5" Description="" />
        <TransformProperties GameMatrix="0.5000017, -8.739315E-08, 0.866028, 0, 0.865732, 0.02603459, -0.4998306, 0, -0.02254681, 0.9996611, 0.01301752, 0, 2406.561, -38, -626.3453, 1" AltitudeMode="SeaLevel" />
      </Marker>
      <Marker SerializationID="53" Name="xflxdflufxlfI27" TemplateID="64977966597695722" TemplateName="ba10lsbbacvl" X="2404.979" Y="-627.2943">
        <EntityProperties ParentEntitySetID="5" Description="" />
        <TransformProperties GameMatrix="0.4848118, -8.739315E-08, -0.8746216, 0, -0.8743224, 0.02603459, -0.484645, 0, 0.02277063, 0.9996611, 0.01262185, 0, 2404.979, -38, -627.2943, 1" AltitudeMode="SeaLevel" />
      </Marker>
      <Marker SerializationID="54" Name="xflxdflufxlfI28" TemplateID="64977966866131178" TemplateName="ba10lsbbacvr" X="2404.966" Y="-627.0013">
        <EntityProperties ParentEntitySetID="5" Description="" />
        <TransformProperties GameMatrix="-0.9992871, 0.03763466, -0.003101235, 0, 0.003843615, 0.01966953, -0.9997993, 0, -0.0375661, -0.9990981, -0.01980042, 0, 2404.966, -38, -627.0013, 1" AltitudeMode="SeaLevel" />
      </Marker>
      <Marker SerializationID="55" Name="xflxdflufxlfI29" TemplateID="64977966866131178" TemplateName="ba10lsbbacvr" X="2405.167" Y="-625.5903">
        <EntityProperties ParentEntitySetID="5" Description="" />
        <TransformProperties GameMatrix="0.4969583, 0.03763466, 0.8669595, 0, -0.8677745, 0.01966953, 0.4965727, 0, 0.001635387, -0.9990981, 0.04243355, 0, 2405.167, -38, -625.5903, 1" AltitudeMode="SeaLevel" />
      </Marker>
      <Marker SerializationID="56" Name="xflxdflufxlfI30" TemplateID="64977966866131178" TemplateName="ba10lsbbacvr" X="2406.343" Y="-626.4883">
        <EntityProperties ParentEntitySetID="5" Description="" />
        <TransformProperties GameMatrix="0.4871768, 0.03763466, -0.8724924, 0, 0.872584, 0.01966953, 0.488075, 0, 0.03553034, -0.9990981, -0.0232567, 0, 2406.343, -38, -626.4883, 1" AltitudeMode="SeaLevel" />
      </Marker>
      <Marker SerializationID="57" Name="asfjeusixldkejf" TemplateID="65804875736312042" TemplateName="ba06wmshbea" X="2649.193" Y="-660">
        <EntityProperties ParentEntitySetID="3" Description="" />
        <TransformProperties GameMatrix="-1, 0, 8.742278E-08, 0, 0, 1, 0, 0, -8.742278E-08, 0, -1, 0, 2649.193, -40, -660, 1" AltitudeMode="SeaLevel" />
      </Marker>
      <Marker SerializationID="58" Name="asfjeusixldkej" TemplateID="65804875736312042" TemplateName="ba06wmshbea" X="2650.15" Y="-660">
        <EntityProperties ParentEntitySetID="3" Description="" />
        <TransformProperties GameMatrix="-1, 0, 8.742278E-08, 0, 0, 1, 0, 0, -8.742278E-08, 0, -1, 0, 2650.15, -40, -660, 1" AltitudeMode="SeaLevel" />
      </Marker>
      <Marker SerializationID="59" Name="asfjeusixldkI99" TemplateID="65804875736312042" TemplateName="ba06wmshbea" X="2651.11" Y="-660">
        <EntityProperties ParentEntitySetID="3" Description="" />
        <TransformProperties GameMatrix="-1, 0, 8.742278E-08, 0, 0, 1, 0, 0, -8.742278E-08, 0, -1, 0, 2651.11, -40, -660, 1" AltitudeMode="SeaLevel" />
      </Marker>
      <Marker SerializationID="60" Name="asfjeusixldI13" TemplateID="65804875736312042" TemplateName="ba06wmshbea" X="2652.066" Y="-660">
        <EntityProperties ParentEntitySetID="3" Description="" />
        <TransformProperties GameMatrix="-1, 0, 8.742278E-08, 0, 0, 1, 0, 0, -8.742278E-08, 0, -1, 0, 2652.066, -40, -660, 1" AltitudeMode="SeaLevel" />
      </Marker>
      <Marker SerializationID="61" Name="asfjeusixldI24" TemplateID="65804875736312042" TemplateName="ba06wmshbea" X="2653.045" Y="-660">
        <EntityProperties ParentEntitySetID="3" Description="" />
        <TransformProperties GameMatrix="-1, 0, 8.742278E-08, 0, 0, 1, 0, 0, -8.742278E-08, 0, -1, 0, 2653.045, -40, -660, 1" AltitudeMode="SeaLevel" />
      </Marker>
      <Marker SerializationID="62" Name="asfjeusixldI35" TemplateID="65804875736312042" TemplateName="ba06wmshbea" X="2654.002" Y="-660">
        <EntityProperties ParentEntitySetID="3" Description="" />
        <TransformProperties GameMatrix="-1, 0, 8.742278E-08, 0, 0, 1, 0, 0, -8.742278E-08, 0, -1, 0, 2654.002, -40, -660, 1" AltitudeMode="SeaLevel" />
      </Marker>
      <Marker SerializationID="63" Name="asfjeusixldI46" TemplateID="65804875736312042" TemplateName="ba06wmshbea" X="2654.962" Y="-660">
        <EntityProperties ParentEntitySetID="3" Description="" />
        <TransformProperties GameMatrix="-1, 0, 8.742278E-08, 0, 0, 1, 0, 0, -8.742278E-08, 0, -1, 0, 2654.962, -40, -660, 1" AltitudeMode="SeaLevel" />
      </Marker>
      <Marker SerializationID="64" Name="asfjeusixldI57" TemplateID="65804875736312042" TemplateName="ba06wmshbea" X="2655.918" Y="-660">
        <EntityProperties ParentEntitySetID="3" Description="" />
        <TransformProperties GameMatrix="-1, 0, 8.742278E-08, 0, 0, 1, 0, 0, -8.742278E-08, 0, -1, 0, 2655.918, -40, -660, 1" AltitudeMode="SeaLevel" />
      </Marker>
      <Marker SerializationID="65" Name="asfjeusixldke" TemplateID="65804875736312042" TemplateName="ba06wmshbea" X="2656.899" Y="-660">
        <EntityProperties ParentEntitySetID="3" Description="" />
        <TransformProperties GameMatrix="-1, 0, 8.742278E-08, 0, 0, 1, 0, 0, -8.742278E-08, 0, -1, 0, 2656.899, -40, -660, 1" AltitudeMode="SeaLevel" />
      </Marker>
      <Marker SerializationID="66" Name="asfjeusixldkI1" TemplateID="65804875736312042" TemplateName="ba06wmshbea" X="2657.856" Y="-660">
        <EntityProperties ParentEntitySetID="3" Description="" />
        <TransformProperties GameMatrix="-1, 0, 8.742278E-08, 0, 0, 1, 0, 0, -8.742278E-08, 0, -1, 0, 2657.856, -40, -660, 1" AltitudeMode="SeaLevel" />
      </Marker>
      <Marker SerializationID="67" Name="asfjeusixldkI12" TemplateID="65804875736312042" TemplateName="ba06wmshbea" X="2658.816" Y="-660">
        <EntityProperties ParentEntitySetID="3" Description="" />
        <TransformProperties GameMatrix="-1, 0, 8.742278E-08, 0, 0, 1, 0, 0, -8.742278E-08, 0, -1, 0, 2658.816, -40, -660, 1" AltitudeMode="SeaLevel" />
      </Marker>
      <Marker SerializationID="68" Name="asfjeusixldkI33" TemplateID="65804875736312042" TemplateName="ba06wmshbea" X="2659.772" Y="-660">
        <EntityProperties ParentEntitySetID="3" Description="" />
        <TransformProperties GameMatrix="-1, 0, 8.742278E-08, 0, 0, 1, 0, 0, -8.742278E-08, 0, -1, 0, 2659.772, -40, -660, 1" AltitudeMode="SeaLevel" />
      </Marker>
      <Marker SerializationID="69" Name="asfjeusixldkI44" TemplateID="65804875736312042" TemplateName="ba06wmshbea" X="2660.751" Y="-660">
        <EntityProperties ParentEntitySetID="3" Description="" />
        <TransformProperties GameMatrix="-1, 0, 8.742278E-08, 0, 0, 1, 0, 0, -8.742278E-08, 0, -1, 0, 2660.751, -40, -660, 1" AltitudeMode="SeaLevel" />
      </Marker>
      <Marker SerializationID="70" Name="asfjeusixldkI55" TemplateID="65804875736312042" TemplateName="ba06wmshbea" X="2661.708" Y="-660">
        <EntityProperties ParentEntitySetID="3" Description="" />
        <TransformProperties GameMatrix="-1, 0, 8.742278E-08, 0, 0, 1, 0, 0, -8.742278E-08, 0, -1, 0, 2661.708, -40, -660, 1" AltitudeMode="SeaLevel" />
      </Marker>
      <Marker SerializationID="71" Name="asfjeusixldkI66" TemplateID="65804875736312042" TemplateName="ba06wmshbea" X="2662.668" Y="-660">
        <EntityProperties ParentEntitySetID="3" Description="" />
        <TransformProperties GameMatrix="-1, 0, 8.742278E-08, 0, 0, 1, 0, 0, -8.742278E-08, 0, -1, 0, 2662.668, -40, -660, 1" AltitudeMode="SeaLevel" />
      </Marker>
      <Marker SerializationID="72" Name="asfjeusixldkI77" TemplateID="65804875736312042" TemplateName="ba06wmshbea" X="2663.624" Y="-660">
        <EntityProperties ParentEntitySetID="3" Description="" />
        <TransformProperties GameMatrix="-1, 0, 8.742278E-08, 0, 0, 1, 0, 0, -8.742278E-08, 0, -1, 0, 2663.624, -40, -660, 1" AltitudeMode="SeaLevel" />
      </Marker>
      <Marker SerializationID="73" Name="asfjeusixldkI88" TemplateID="65804875736312042" TemplateName="ba06wmshbea" X="2664.593" Y="-660">
        <EntityProperties ParentEntitySetID="3" Description="" />
        <TransformProperties GameMatrix="-1, 0, 8.742278E-08, 0, 0, 1, 0, 0, -8.742278E-08, 0, -1, 0, 2664.593, -40, -660, 1" AltitudeMode="SeaLevel" />
      </Marker>
      <Marker SerializationID="74" Name="asfjeusixld" TemplateID="65804875736312042" TemplateName="ba06wmshbea" X="2665.55" Y="-660">
        <EntityProperties ParentEntitySetID="3" Description="" />
        <TransformProperties GameMatrix="-1, 0, 8.742278E-08, 0, 0, 1, 0, 0, -8.742278E-08, 0, -1, 0, 2665.55, -40, -660, 1" AltitudeMode="SeaLevel" />
      </Marker>
      <Marker SerializationID="75" Name="asfjeusixldI4" TemplateID="65804875736312042" TemplateName="ba06wmshbea" X="2666.51" Y="-660">
        <EntityProperties ParentEntitySetID="3" Description="" />
        <TransformProperties GameMatrix="-1, 0, 8.742278E-08, 0, 0, 1, 0, 0, -8.742278E-08, 0, -1, 0, 2666.51, -40, -660, 1" AltitudeMode="SeaLevel" />
      </Marker>
      <Marker SerializationID="76" Name="asfjeusixldI5" TemplateID="65804875736312042" TemplateName="ba06wmshbea" X="2667.466" Y="-660">
        <EntityProperties ParentEntitySetID="3" Description="" />
        <TransformProperties GameMatrix="-1, 0, 8.742278E-08, 0, 0, 1, 0, 0, -8.742278E-08, 0, -1, 0, 2667.466, -40, -660, 1" AltitudeMode="SeaLevel" />
      </Marker>
      <Marker SerializationID="77" Name="asfjeusixldI6" TemplateID="65804875736312042" TemplateName="ba06wmshbea" X="2649.188" Y="-657.8139">
        <EntityProperties ParentEntitySetID="3" Description="" />
        <TransformProperties GameMatrix="-1, 0, 8.742278E-08, 0, 0, 1, 0, 0, -8.742278E-08, 0, -1, 0, 2649.188, -40, -657.8139, 1" AltitudeMode="SeaLevel" />
      </Marker>
      <Marker SerializationID="78" Name="asfjeusixldI7" TemplateID="65804875736312042" TemplateName="ba06wmshbea" X="2650.145" Y="-657.8139">
        <EntityProperties ParentEntitySetID="3" Description="" />
        <TransformProperties GameMatrix="-1, 0, 8.742278E-08, 0, 0, 1, 0, 0, -8.742278E-08, 0, -1, 0, 2650.145, -40, -657.8139, 1" AltitudeMode="SeaLevel" />
      </Marker>
      <Marker SerializationID="79" Name="asfjeusixldI8" TemplateID="65804875736312042" TemplateName="ba06wmshbea" X="2651.105" Y="-657.8139">
        <EntityProperties ParentEntitySetID="3" Description="" />
        <TransformProperties GameMatrix="-1, 0, 8.742278E-08, 0, 0, 1, 0, 0, -8.742278E-08, 0, -1, 0, 2651.105, -40, -657.8139, 1" AltitudeMode="SeaLevel" />
      </Marker>
      <Marker SerializationID="80" Name="asfjeusixldI9" TemplateID="65804875736312042" TemplateName="ba06wmshbea" X="2652.061" Y="-657.8139">
        <EntityProperties ParentEntitySetID="3" Description="" />
        <TransformProperties GameMatrix="-1, 0, 8.742278E-08, 0, 0, 1, 0, 0, -8.742278E-08, 0, -1, 0, 2652.061, -40, -657.8139, 1" AltitudeMode="SeaLevel" />
      </Marker>
      <Marker SerializationID="81" Name="asfjeusixldI10" TemplateID="65804875736312042" TemplateName="ba06wmshbea" X="2653.04" Y="-657.8139">
        <EntityProperties ParentEntitySetID="3" Description="" />
        <TransformProperties GameMatrix="-1, 0, 8.742278E-08, 0, 0, 1, 0, 0, -8.742278E-08, 0, -1, 0, 2653.04, -40, -657.8139, 1" AltitudeMode="SeaLevel" />
      </Marker>
      <Marker SerializationID="82" Name="asfjeusixldI11" TemplateID="65804875736312042" TemplateName="ba06wmshbea" X="2653.997" Y="-657.8139">
        <EntityProperties ParentEntitySetID="3" Description="" />
        <TransformProperties GameMatrix="-1, 0, 8.742278E-08, 0, 0, 1, 0, 0, -8.742278E-08, 0, -1, 0, 2653.997, -40, -657.8139, 1" AltitudeMode="SeaLevel" />
      </Marker>
      <Marker SerializationID="83" Name="asfjeusixldI12" TemplateID="65804875736312042" TemplateName="ba06wmshbea" X="2654.957" Y="-657.8139">
        <EntityProperties ParentEntitySetID="3" Description="" />
        <TransformProperties GameMatrix="-1, 0, 8.742278E-08, 0, 0, 1, 0, 0, -8.742278E-08, 0, -1, 0, 2654.957, -40, -657.8139, 1" AltitudeMode="SeaLevel" />
      </Marker>
      <Marker SerializationID="84" Name="asfjeusixldI14" TemplateID="65804875736312042" TemplateName="ba06wmshbea" X="2655.913" Y="-657.8139">
        <EntityProperties ParentEntitySetID="3" Description="" />
        <TransformProperties GameMatrix="-1, 0, 8.742278E-08, 0, 0, 1, 0, 0, -8.742278E-08, 0, -1, 0, 2655.913, -40, -657.8139, 1" AltitudeMode="SeaLevel" />
      </Marker>
      <Marker SerializationID="85" Name="asfjeusixldI15" TemplateID="65804875736312042" TemplateName="ba06wmshbea" X="2656.894" Y="-657.8139">
        <EntityProperties ParentEntitySetID="3" Description="" />
        <TransformProperties GameMatrix="-1, 0, 8.742278E-08, 0, 0, 1, 0, 0, -8.742278E-08, 0, -1, 0, 2656.894, -40, -657.8139, 1" AltitudeMode="SeaLevel" />
      </Marker>
      <Marker SerializationID="86" Name="asfjeusixldI16" TemplateID="65804875736312042" TemplateName="ba06wmshbea" X="2657.851" Y="-657.8139">
        <EntityProperties ParentEntitySetID="3" Description="" />
        <TransformProperties GameMatrix="-1, 0, 8.742278E-08, 0, 0, 1, 0, 0, -8.742278E-08, 0, -1, 0, 2657.851, -40, -657.8139, 1" AltitudeMode="SeaLevel" />
      </Marker>
      <Marker SerializationID="87" Name="asfjeusixldI17" TemplateID="65804875736312042" TemplateName="ba06wmshbea" X="2658.811" Y="-657.8139">
        <EntityProperties ParentEntitySetID="3" Description="" />
        <TransformProperties GameMatrix="-1, 0, 8.742278E-08, 0, 0, 1, 0, 0, -8.742278E-08, 0, -1, 0, 2658.811, -40, -657.8139, 1" AltitudeMode="SeaLevel" />
      </Marker>
      <Marker SerializationID="88" Name="asfjeusixldI18" TemplateID="65804875736312042" TemplateName="ba06wmshbea" X="2659.767" Y="-657.8139">
        <EntityProperties ParentEntitySetID="3" Description="" />
        <TransformProperties GameMatrix="-1, 0, 8.742278E-08, 0, 0, 1, 0, 0, -8.742278E-08, 0, -1, 0, 2659.767, -40, -657.8139, 1" AltitudeMode="SeaLevel" />
      </Marker>
      <Marker SerializationID="89" Name="asfjeusixldI19" TemplateID="65804875736312042" TemplateName="ba06wmshbea" X="2660.746" Y="-657.8139">
        <EntityProperties ParentEntitySetID="3" Description="" />
        <TransformProperties GameMatrix="-1, 0, 8.742278E-08, 0, 0, 1, 0, 0, -8.742278E-08, 0, -1, 0, 2660.746, -40, -657.8139, 1" AltitudeMode="SeaLevel" />
      </Marker>
      <Marker SerializationID="90" Name="asfjeusixldI20" TemplateID="65804875736312042" TemplateName="ba06wmshbea" X="2661.703" Y="-657.8139">
        <EntityProperties ParentEntitySetID="3" Description="" />
        <TransformProperties GameMatrix="-1, 0, 8.742278E-08, 0, 0, 1, 0, 0, -8.742278E-08, 0, -1, 0, 2661.703, -40, -657.8139, 1" AltitudeMode="SeaLevel" />
      </Marker>
      <Marker SerializationID="91" Name="asfjeusixldI21" TemplateID="65804875736312042" TemplateName="ba06wmshbea" X="2662.663" Y="-657.8139">
        <EntityProperties ParentEntitySetID="3" Description="" />
        <TransformProperties GameMatrix="-1, 0, 8.742278E-08, 0, 0, 1, 0, 0, -8.742278E-08, 0, -1, 0, 2662.663, -40, -657.8139, 1" AltitudeMode="SeaLevel" />
      </Marker>
      <Marker SerializationID="92" Name="asfjeusixldI22" TemplateID="65804875736312042" TemplateName="ba06wmshbea" X="2663.619" Y="-657.8139">
        <EntityProperties ParentEntitySetID="3" Description="" />
        <TransformProperties GameMatrix="-1, 0, 8.742278E-08, 0, 0, 1, 0, 0, -8.742278E-08, 0, -1, 0, 2663.619, -40, -657.8139, 1" AltitudeMode="SeaLevel" />
      </Marker>
      <Marker SerializationID="93" Name="asfjeusixldI23" TemplateID="65804875736312042" TemplateName="ba06wmshbea" X="2664.588" Y="-657.8139">
        <EntityProperties ParentEntitySetID="3" Description="" />
        <TransformProperties GameMatrix="-1, 0, 8.742278E-08, 0, 0, 1, 0, 0, -8.742278E-08, 0, -1, 0, 2664.588, -40, -657.8139, 1" AltitudeMode="SeaLevel" />
      </Marker>
      <Marker SerializationID="94" Name="asfjeusixldI25" TemplateID="65804875736312042" TemplateName="ba06wmshbea" X="2665.545" Y="-657.8139">
        <EntityProperties ParentEntitySetID="3" Description="" />
        <TransformProperties GameMatrix="-1, 0, 8.742278E-08, 0, 0, 1, 0, 0, -8.742278E-08, 0, -1, 0, 2665.545, -40, -657.8139, 1" AltitudeMode="SeaLevel" />
      </Marker>
      <Marker SerializationID="95" Name="asfjeusixldI26" TemplateID="65804875736312042" TemplateName="ba06wmshbea" X="2666.505" Y="-657.8139">
        <EntityProperties ParentEntitySetID="3" Description="" />
        <TransformProperties GameMatrix="-1, 0, 8.742278E-08, 0, 0, 1, 0, 0, -8.742278E-08, 0, -1, 0, 2666.505, -40, -657.8139, 1" AltitudeMode="SeaLevel" />
      </Marker>
      <Marker SerializationID="96" Name="asfjeusixldI27" TemplateID="65804875736312042" TemplateName="ba06wmshbea" X="2667.461" Y="-657.8139">
        <EntityProperties ParentEntitySetID="3" Description="" />
        <TransformProperties GameMatrix="-1, 0, 8.742278E-08, 0, 0, 1, 0, 0, -8.742278E-08, 0, -1, 0, 2667.461, -40, -657.8139, 1" AltitudeMode="SeaLevel" />
      </Marker>
      <Marker SerializationID="97" Name="asfjeusixldI28" TemplateID="65804875736312042" TemplateName="ba06wmshbea" X="2649.18" Y="-655.6052">
        <EntityProperties ParentEntitySetID="3" Description="" />
        <TransformProperties GameMatrix="-1, 0, 8.742278E-08, 0, 0, 1, 0, 0, -8.742278E-08, 0, -1, 0, 2649.18, -40, -655.6052, 1" AltitudeMode="SeaLevel" />
      </Marker>
      <Marker SerializationID="98" Name="asfjeusixldI29" TemplateID="65804875736312042" TemplateName="ba06wmshbea" X="2650.136" Y="-655.6052">
        <EntityProperties ParentEntitySetID="3" Description="" />
        <TransformProperties GameMatrix="-1, 0, 8.742278E-08, 0, 0, 1, 0, 0, -8.742278E-08, 0, -1, 0, 2650.136, -40, -655.6052, 1" AltitudeMode="SeaLevel" />
      </Marker>
      <Marker SerializationID="99" Name="asfjeusixldI30" TemplateID="65804875736312042" TemplateName="ba06wmshbea" X="2651.097" Y="-655.6052">
        <EntityProperties ParentEntitySetID="3" Description="" />
        <TransformProperties GameMatrix="-1, 0, 8.742278E-08, 0, 0, 1, 0, 0, -8.742278E-08, 0, -1, 0, 2651.097, -40, -655.6052, 1" AltitudeMode="SeaLevel" />
      </Marker>
      <Marker SerializationID="100" Name="asfjeusixldI31" TemplateID="65804875736312042" TemplateName="ba06wmshbea" X="2652.052" Y="-655.6052">
        <EntityProperties ParentEntitySetID="3" Description="" />
